layout_spectrum: 0.9366001
typography_spectrum: 0.3299752
color:
  lightness: 0.4636806
  brandStrength: 0.8751798
  saturation: 0.7503399
  rhythmicContrast: 0.1439684
name: Chica
